# File generated with SCOPE_v2
LOCATION: ObAS
LAT: 48d34m59s
LON: 7d46m07s
SUN_SET: 2024-09-25 17:15:00.000
SUN_SET_CIVIL: 2024-09-25 17:51:00.000
SUN_SET_NAUTICAL: 2024-09-25 18:28:00.000
SUN_SET_ASTRONOMICAL: 2024-09-25 19:06:00.000
SUN_RISE_ASTRONOMICAL: 2024-09-26 03:35:00.000
SUN_RISE_NAUTICAL: 2024-09-26 04:13:00.000
SUN_RISE_CIVIL: 2024-09-26 04:50:00.000
SUN_RISE: 2024-09-26 05:26:00.000
OBS_BEGIN: 2024-09-25 19:06:00.000
OBS_END: 2024-09-26 03:35:00.000
ST_BEGIN: 19h57m26.1273547s
ST_END: 4h25m02.7399101s
WINDOW_EAST: 15h57m26.1273547s
WINDOW_WEST: 6h25m02.7399101s
WINDOW_UPPER: 60d00m00s
WINDOW_LOWER: 8d34m59s
