# File generated with SCOPE_v2
LOCATION: ObAS
LAT: 48d34m59s
LON: 7d46m07s
SUN_SET: 2024-10-24 16:17:00.000
SUN_SET_CIVIL: 2024-10-24 16:55:00.000
SUN_SET_NAUTICAL: 2024-10-24 17:31:00.000
SUN_SET_ASTRONOMICAL: 2024-10-24 18:08:00.000
SUN_RISE_ASTRONOMICAL: 2024-10-25 04:19:00.000
SUN_RISE_NAUTICAL: 2024-10-25 04:55:00.000
SUN_RISE_CIVIL: 2024-10-25 05:32:00.000
SUN_RISE: 2024-10-25 06:10:00.000
OBS_BEGIN: 2024-10-24 18:08:00.000
OBS_END: 2024-10-25 04:19:00.000
ST_BEGIN: 20h53m36.67367577s
ST_END: 7h02m56.57597704s
WINDOW_EAST: 16h53m36.67367577s
WINDOW_WEST: 9h02m56.57597704s
WINDOW_UPPER: 60d00m00s
WINDOW_LOWER: 3d34m59s
